# Number of parameters = 205 Objective function value = 4764.93833769088  Maximum gradient component = 0.000232012856097347
# log_L50m:
 3.12409766299266
# log_sigma1m:
 0.549306227955989
# log_sigma2m:
 3.90476618805748
# log_L50h:
 3.24080977271876
# log_sigma1h:
 0.844495025777688
# log_sigma2h:
 3.90630149756462
# log_Ro:
6.60196321968
# log_pRm:
-0.693140000000
# dev_log_Ro:
 -0.326706158259 -0.410782016866 -0.509660998809 -0.680773869276 -0.589466863544 0.548845921218 0.772944303283 0.514112055454 0.0148289769882 -0.144531432455 -0.422243183549 -0.655126115799 -0.766261589250 -0.822419568547 -0.798857449173 -0.720158320563 -0.815514790180 -0.983230703641 -0.741025907084 -0.0821900522208 -0.339415835403 0.0123300056545 -0.0236819315782 -0.159958081408 -0.323476615864 -0.101258505722 0.471739803305 0.125594337610 0.660654073893 0.704108863297 0.687723313370 0.701709000819 0.683297406363 0.686767562014 0.586635861696 0.699926644926 0.370020982563 -0.00594975208053 0.0770904177792 0.488393766136 0.541573452664 0.229842247445 -0.0622165089195 0.225228608009 -0.00225004540801 -0.207238879711 0.114369434544 -0.165488077199 -0.00477232461768 0.0161670788482 -0.270967339718 -0.121820781457 0.0968000974549 0.675388066778 0.485018424463 -0.0306069428077 0.128181261489 -0.0155248876516 -0.0157164393007
# dev_log_Nom:
 -0.0857354647614 -0.0634108675835 -0.0464932174168 -0.0336494321791 -0.0240093158526 -0.0372403492828
# dev_log_Noh:
 -0.183018702420 -0.138116613853 -0.102866139954 -0.0758266642378 -0.0546512472933 -0.0822528103755
# log_Fm:
 -4.78894145597 -3.77723644773 -3.85042774928 -2.96978024304 -2.81253349533 -2.63068572309 -2.57290859849 -2.46395279825 -2.29285092322 -2.28272106653 -4.13450303921 -5.91933681999 -16.8147706391 -16.7478938905 -4.78458224185 -4.80969121356 -3.68334976528 -3.30820979015 -5.01424949850 -3.73265583225 -15.9517799068 -4.99969149591 -2.08023762402 -1.68599826593 -1.69734189453 -1.89870851698 -1.40325705606 -1.23414649171 -1.04878582562 -1.14016885151 -0.939233339623 -0.834544449692 -0.897122224284 -1.05908991889 -1.02340317073 -1.14994173073 -0.903052130123 -1.18648333255 -0.803540723806 -0.813326267675 -1.10158592157 -1.14303700850 -1.63258796335 -1.68697529020 -2.22008312060 -2.35854313967 -2.39410971020 -2.34031808284 -2.21434135707 -2.19443370058 -2.27710280485 -2.30301470880 -2.45718123360 -2.71701231370 -2.69871337110 -2.78215669054 -2.60566906595 -2.81025006260 -2.68479237850
# log_Fh:
 -4.39985609503 -3.38590668814 -3.45174574363 -2.58420855050 -2.43298014328 -2.25337436654 -2.19644043511 -2.04032163525 -1.74488689722 -1.78141895970 -3.72991723542 -5.58802043878 -16.5049349300 -16.4560969194 -4.50204639288 -4.52570693908 -3.39112975980 -2.99882131832 -4.69054149417 -3.41369030794 -15.6387142948 -4.65526588297 -1.66176661459 -1.26512299193 -1.21088177485 -1.42564123987 -0.934438361090 -0.725499511134 -0.436075207662 -0.483806954861 -0.340617208577 -0.200000007341 -0.270829730509 -0.200000002455 -0.331139950661 -0.330847975514 -0.200000011234 -0.667630228904 -0.200000220687 -0.433063002891 -0.284034697660 -0.312345516375 -0.876078191019 -1.22071793773 -1.73930819058 -1.89266400523 -1.98795837815 -1.77575858917 -1.64064710523 -1.91652585537 -1.83680982438 -2.01056686311 -2.02834566798 -2.31409057830 -2.26409445517 -2.20740889676 -2.09040200802 -2.30330002613 -2.39641860413
# log_qflo:
 -3.71191061309
# log_qcru:
 0.616064304520 0.130357227271
# log_Lom:
2.50959926238
# log_cv_edadm:
-2.61187831785
# log_Loh:
2.41591377830
# log_cv_edadh:
-2.61865657802
# log_Mh:
-1.02165124753
# log_Mm:
-1.02165124753
# log_Fref:
 -0.764087790175 -1.14698344960 -1.32825596665 -1.43609306939
